4
9
19
20
24
28
28
31
36
38
38
40
40
42
45
46
47
48
50
52
67
68
68
68
70
72
84
89
95
98
100
106
106
111
112
115
118
122
123
123
125
125
126
136
136
137
139
142
143
146
146
147
150
156
165
167
169
169
178
181
190
200
201
204
206
208
213
220
221
231
243
245
250
254
258
258
259
267
270
274
275
276
276
283
284
293
295
299
326
332
334
341
342
343
346
348
350
352
353
354
355
358
358
358
358
362
364
369
370
380
380
383
386
387
387
389
393
394
397
413
413
418
418
424
431
432
432
432
432
434
449
449
459
477
478
484
484
485
487
487
489
490
505
506
510
513
515
517
518
520
520
524
529
530
531
538
542
543
550
550
551
563
569
577
580
582
584
591
598
599
607
610
615
619
627
631
632
635
638
638
639
643
646
649
650
658
670
671
675
677
678
678
680
681
682
689
694
694
699
700
706
708
708
717
727
732
739
745
749
752
759
762
765
767
772
778
783
783
784
784
788
788
792
793
794
796
802
805
814
817
819
820
822
829
831
831
833
839
843
848
849
852
855
861
862
864
864
864
870
873
873
875
876
876
878
883
884
886
897
900
902
905
914
921
922
923
924
925
929
929
930
931
939
944
949
950
953
954
957
963
966
970
972
975
975
975
977
979
981
988
988
990
992
994
998
1000
1001
1007
1022
1023
1025
1025
1027
1027
1028
1030
1039
1042
1046
1049
1051
1051
1052
1052
1056
1063
1065
1067
1073
1074
1082
1085
1088
1089
1098
1098
1100
1101
1105
1108
1109
1133
1136
1136
1137
1140
1140
1142
1143
1144
1147
1149
1150
1166
1170
1172
1172
1174
1177
1178
1197
1199
1199
1202
1204
1208
1209
1217
1220
1224
1226
1235
1238
1238
1243
1245
1245
1245
1246
1247
1251
1253
1255
1257
1258
1258
1259
1268
1273
1275
1278
1280
1286
1290
1292
1293
1294
1296
1298
1300
1304
1307
1320
1325
1325
1327
1331
1339
1345
1348
1350
1354
1355
1358
1359
1360
1364
1366
1367
1379
1383
1384
1393
1394
1405
1406
1406
1409
1415
1421
1422
1425
1427
1441
1445
1446
1447
1449
1452
1454
1454
1457
1461
1463
1466
1467
1468
1475
1478
1478
1488
1495
1496
1499
1503
1508
1510
1511
1511
1513
1517
1521
1523
1525
1527
1529
1541
1543
1546
1546
1550
1555
1560
1561
1566
1568
1571
1574
1575
1576
1578
1580
1580
1581
1583
1584
1585
1592
1593
1594
1599
1603
1619
1619
1620
1621
1621
1625
1630
1634
1635
1644
1654
1659
1662
1664
1666
1673
1678
1679
1686
1694
1694
1696
1697
1702
1707
1712
1715
1719
1720
1722
1722
1725
1733
1736
1736
1738
1743
1747
1749
1750
1752
1754
1758
1760
1773
1777
1786
1790
1795
1797
1798
1798
1807
1810
1814
1823
1823
1829
1831
1835
1842
1846
1848
1848
1849
1856
1856
1865
1866
1868
1873
1875
1876
1897
1903
1903
1908
1912
1914
1922
1925
1942
1945
1946
1948
1949
1954
1955
1957
1959
1962
1962
1964
1971
1974
1977
1978
1979
1984
1987
1987
1993
1993
1995
1996
1997
2006
2011
2025
2026
2029
2032
2037
2039
2040
2045
2047
2051
2051
2056
2056
2058
2060
2063
2064
2065
2065
2066
2067
2073
2077
2078
2085
2085
2086
2087
2095
2096
2096
2096
2098
2098
2112
2115
2120
2126
2127
2129
2143
2144
2144
2151
2151
2165
2167
2171
2171
2174
2178
2178
2182
2184
2184
2185
2188
2192
2194
2198
2210
2211
2232
2234
2235
2239
2240
2241
2242
2244
2257
2260
2261
2265
2267
2267
2271
2272
2273
2277
2279
2280
2283
2290
2291
2291
2296
2299
2300
2301
2303
2308
2310
2328
2330
2335
2341
2351
2354
2354
2355
2356
2357
2360
2361
2361
2362
2365
2367
2368
2371
2372
2375
2376
2377
2385
2387
2391
2393
2393
2395
2398
2409
2413
2415
2421
2425
2426
2430
2431
2434
2435
2437
2437
2441
2441
2442
2442
2444
2446
2453
2453
2455
2460
2462
2467
2478
2480
2481
2482
2483
2493
2501
2505
2509
2511
2514
2516
2519
2523
2525
2528
2534
2536
2538
2539
2540
2544
2550
2552
2552
2553
2553
2560
2561
2561
2571
2583
2584
2587
2587
2590
2592
2598
2599
2600
2601
2602
2604
2609
2617
2619
2620
2623
2624
2629
2630
2633
2637
2641
2641
2647
2652
2656
2663
2666
2667
2671
2678
2685
2692
2693
2698
2698
2712
2712
2714
2714
2716
2720
2723
2728
2733
2738
2739
2740
2740
2743
2750
2750
2755
2758
2759
2759
2764
2764
2771
2777
2779
2781
2783
2787
2792
2800
2802
2807
2812
2814
2814
2817
2819
2828
2832
2832
2833
2838
2838
2839
2840
2841
2842
2850
2858
2867
2877
2881
2883
2885
2885
2889
2891
2900
2901
2905
2908
2909
2909
2910
2914
2915
2915
2916
2922
2924
2925
2929
2929
2933
2934
2937
2938
2943
2945
2952
2952
2959
2960
2970
2972
2972
2979
2984
2986
2990
2993
2997
3002
3002
3003
3003
3010
3014
3020
3024
3025
3036
3038
3046
3046
3047
3056
3057
3069
3070
3071
3078
3079
3082
3084
3092
3093
3100
3101
3103
3107
3111
3112
3114
3117
3119
3125
3132
3133
3134
3136
3137
3142
3143
3144
3147
3148
3150
3153
3156
3161
3164
3169
3169
3171
3171
3202
3206
3211
3213
3217
3219
3225
3239
3243
3244
3246
3251
3253
3257
3260
3267
3269
3275
3276
3283
3284
3286
3287
3288
3289
3290
3306
3308
3310
3313
3314
3319
3319
3327
3331
3331
3338
3339
3339
3345
3345
3346
3349
3350
3350
3354
3355
3356
3359
3361
3371
3373
3374
3374
3375
3376
3380
3383
3383
3389
3390
3393
3401
3411
3413
3415
3418
3424
3425
3429
3430
3434
3437
3443
3444
3446
3448
3449
3449
3454
3463
3465
3475
3481
3486
3487
3490
3502
3503
3507
3514
3515
3517
3519
3519
3530
3545
3547
3558
3564
3566
3573
3574
3580
3586
3587
3593
3608
3611
3612
3613
3614
3614
3618
3620
3623
3626
3628
3631
3632
3632
3643
3645
3649
3651
3652
3657
3660
3665
3666
3671
3679
3683
3686
3689
3692
3694
3694
3695
3709
3709
3710
3712
3712
3715
3724
3730
3736
3737
3739
3739
3739
3741
3742
3743
3748
3756
3760
3761
3763
3768
3768
3777
3783
3784
3787
3788
3796
3799
3801
3805
3808
3810
3811
3814
3816
3820
3827
3827
3831
3837
3838
3842
3843
3850
3851
3856
3859
3860
3861
3862
3864
3864
3867
3869
3878
3883
3887
3889
3890
3893
3896
3896
3898
3899
3901
3903
3908
3911
3913
3917
3923
3925
3927
3929
3932
3934
3944
3951
3952
3954
3959
3974
3977
3978
3980
3982
3982
3994
4003
4005
4006
4007
4009
4012
4017
4019
4021
4024
4025
4026
4033
4035
4035
4041
4041
4042
4043
4044
4045
4050
4051
4056
4056
4059
4069
4070
4076
4077
4080
4080
4081
4082
4083
4083
4084
4085
4088
4093
4102
4105
4110
4112
4116
4127
4127
4131
4136
4136
4143
4143
4143
4146
4147
4154
4163
4164
4167
4171
4176
4176
4177
4181
4190
4206
4206
4211
4224
4233
4233
4239
4243
4249
4249
4255
4271
4277
4278
4278
4279
4283
4289
4291
4300
4306
4309
4310
4311
4315
4316
4317
4322
4329
4335
4348
4354
4364
4378
4396
4398
4402
4405
4405
4406
4408
4410
4410
4413
4415
4418
4419
4422
4423
4430
4430
4445
4449
4453
4453
4456
4457
4464
4466
4467
4468
4481
4484
4485
4487
4490
4491
4492
4500
4502
4503
4507
4507
4507
4508
4511
4511
4514
4515
4526
4526
4529
4537
4538
4538
4539
4541
4542
4543
4544
4546
4554
4554
4557
4560
4561
4561
4561
4569
4569
4582
4582
4598
4598
4599
4599
4600
4606
4607
4608
4614
4616
4618
4620
4626
4629
4631
4631
4632
4633
4634
4641
4643
4644
4649
4651
4654
4661
4663
4665
4669
4669
4677
4683
4686
4690
4691
4691
4697
4701
4704
4711
4712
4719
4721
4723
4727
4730
4730
4733
4734
4737
4739
4740
4745
4745
4746
4753
4758
4766
4769
4774
4780
4782
4794
4796
4797
4798
4802
4812
4814
4816
4821
4825
4837
4844
4844
4855
4857
4857
4857
4859
4861
4878
4879
4880
4881
4885
4887
4889
4891
4892
4898
4899
4911
4913
4913
4916
4918
4921
4922
4929
4934
4937
4942
4944
4946
4947
4958
4959
4972
4975
4976
4981
4983
4987
4995
5003
5006
5007
5008
5013
5018
5018
5019
5020
5022
5028
5034
5034
5035
5037
5039
5046
5047
5048
5048
5051
5058
5067
5068
5068
5069
5074
5074
5083
5084
5093
5093
5095
5100
5103
5106
5107
5108
5109
5115
5117
5122
5124
5130
5133
5135
5137
5140
5141
5143
5147
5159
5172
5174
5177
5185
5188
5188
5189
5190
5190
5191
5192
5192
5193
5195
5197
5199
5200
5201
5204
5204
5205
5209
5216
5221
5224
5228
5229
5229
5236
5237
5237
5238
5238
5241
5243
5244
5245
5250
5256
5260
5261
5267
5267
5270
5285
5289
5290
5296
5299
5302
5306
5308
5309
5310
5311
5317
5320
5324
5331
5342
5349
5350
5354
5355
5355
5357
5365
5367
5375
5379
5384
5386
5390
5393
5398
5400
5400
5405
5409
5417
5420
5421
5429
5431
5434
5434
5434
5435
5436
5437
5440
5451
5457
5461
5463
5468
5476
5476
5476
5481
5493
5496
5506
5506
5507
5510
5513
5514
5516
5519
5527
5529
5530
5533
5535
5539
5547
5561
5562
5566
5571
5577
5583
5585
5586
5590
5592
5592
5594
5595
5596
5597
5598
5601
5603
5604
5606
5607
5608
5616
5619
5622
5623
5624
5630
5633
5634
5635
5646
5653
5655
5658
5664
5668
5668
5671
5685
5686
5689
5690
5692
5692
5698
5710
5712
5714
5718
5723
5723
5724
5725
5730
5736
5739
5742
5743
5750
5751
5755
5756
5757
5759
5759
5763
5765
5767
5768
5769
5777
5778
5786
5793
5794
5796
5796
5798
5800
5805
5807
5807
5819
5824
5824
5824
5824
5830
5838
5839
5843
5850
5851
5853
5853
5858
5859
5864
5865
5867
5874
5874
5886
5891
5892
5893
5896
5903
5907
5909
5913
5918
5922
5923
5929
5930
5936
5937
5937
5940
5947
5948
5949
5949
5951
5954
5954
5958
5961
5962
5963
5965
5969
5970
5973
5977
5982
5983
5985
5986
5990
5990
5999
6006
6007
6009
6018
6024
6027
6029
6029
6031
6033
6033
6035
6039
6041
6044
6045
6048
6055
6064
6066
6067
6067
6067
6076
6077
6085
6086
6086
6088
6089
6089
6089
6090
6100
6110
6120
6120
6124
6127
6135
6135
6137
6137
6138
6142
6144
6150
6152
6155
6160
6161
6169
6173
6174
6182
6183
6186
6196
6209
6211
6222
6224
6234
6235
6235
6238
6240
6247
6248
6260
6262
6262
6269
6272
6273
6274
6282
6286
6288
6290
6293
6296
6298
6308
6311
6311
6312
6321
6326
6326
6328
6329
6330
6345
6345
6347
6347
6347
6348
6350
6354
6354
6358
6362
6363
6364
6368
6375
6379
6380
6385
6385
6397
6397
6398
6400
6402
6409
6412
6412
6414
6414
6415
6418
6423
6424
6427
6433
6440
6446
6448
6455
6458
6459
6466
6466
6466
6469
6470
6472
6476
6479
6480
6482
6482
6487
6487
6494
6494
6495
6505
6512
6513
6521
6524
6526
6530
6538
6548
6548
6549
6551
6551
6552
6556
6561
6563
6563
6571
6572
6573
6574
6576
6584
6588
6589
6595
6596
6598
6606
6619
6621
6623
6626
6630
6630
6635
6638
6639
6649
6650
6656
6656
6660
6661
6664
6667
6670
6675
6678
6684
6689
6689
6689
6691
6693
6695
6699
6700
6703
6706
6712
6712
6713
6716
6719
6720
6721
6725
6726
6730
6732
6739
6742
6743
6745
6749
6755
6759
6767
6767
6768
6772
6773
6773
6777
6780
6781
6785
6785
6790
6798
6800
6807
6812
6814
6818
6826
6827
6829
6831
6840
6842
6847
6848
6855
6858
6861
6868
6870
6871
6875
6876
6883
6883
6890
6899
6901
6906
6906
6908
6915
6916
6918
6920
6920
6926
6930
6934
6935
6939
6939
6943
6944
6944
6945
6949
6954
6966
6974
6977
6988
6989
6990
6992
6996
6999
7000
7001
7004
7005
7005
7010
7014
7019
7019
7020
7022
7028
7033
7033
7035
7037
7044
7047
7052
7054
7057
7060
7061
7061
7063
7064
7068
7070
7073
7082
7082
7090
7093
7095
7100
7108
7114
7118
7122
7125
7129
7137
7140
7143
7150
7158
7160
7164
7171
7173
7174
7174
7175
7178
7185
7185
7188
7192
7192
7194
7196
7201
7208
7211
7211
7216
7225
7226
7227
7230
7231
7232
7237
7238
7244
7247
7247
7251
7255
7257
7261
7263
7264
7265
7267
7271
7274
7274
7277
7278
7280
7287
7297
7309
7311
7314
7320
7322
7324
7324
7330
7331
7332
7332
7345
7348
7356
7365
7370
7373
7382
7383
7383
7391
7395
7398
7402
7405
7405
7405
7405
7407
7408
7410
7417
7418
7420
7422
7431
7431
7436
7436
7437
7438
7438
7443
7445
7445
7446
7455
7456
7457
7464
7467
7471
7488
7488
7497
7500
7500
7500
7504
7507
7510
7516
7517
7518
7520
7522
7523
7528
7529
7529
7539
7541
7543
7548
7552
7552
7557
7560
7560
7562
7568
7570
7572
7580
7582
7586
7591
7591
7595
7605
7607
7607
7609
7613
7616
7616
7616
7618
7619
7620
7623
7628
7629
7630
7631
7637
7640
7644
7649
7649
7654
7656
7662
7664
7667
7668
7670
7670
7685
7690
7693
7697
7703
7705
7709
7711
7715
7718
7718
7718
7722
7729
7734
7740
7742
7743
7751
7752
7762
7764
7765
7768
7769
7771
7774
7778
7783
7783
7785
7789
7791
7791
7792
7804
7807
7807
7812
7814
7819
7824
7824
7824
7825
7825
7832
7834
7839
7840
7840
7843
7848
7855
7856
7861
7861
7863
7864
7866
7867
7870
7870
7878
7883
7889
7891
7892
7893
7896
7897
7900
7905
7907
7907
7908
7920
7924
7934
7937
7938
7943
7947
7953
7959
7961
7964
7969
7973
7974
7981
7986
7989
7997
7997
8001
8005
8006
8007
8007
8008
8014
8023
8023
8025
8029
8033
8037
8042
8043
8043
8045
8050
8052
8056
8057
8058
8059
8063
8063
8063
8067
8067
8071
8072
8082
8087
8088
8090
8091
8093
8097
8102
8108
8111
8114
8117
8123
8123
8124
8127
8128
8129
8131
8141
8142
8144
8145
8151
8152
8154
8161
8162
8167
8169
8173
8173
8180
8182
8188
8196
8197
8198
8198
8218
8219
8220
8227
8232
8235
8236
8237
8243
8251
8252
8254
8254
8258
8267
8269
8273
8276
8277
8277
8279
8283
8287
8288
8289
8290
8294
8295
8296
8298
8324
8326
8328
8338
8341
8347
8351
8351
8353
8354
8356
8358
8359
8362
8366
8369
8369
8372
8375
8379
8379
8381
8388
8389
8396
8412
8413
8414
8421
8429
8431
8435
8439
8441
8444
8454
8457
8458
8459
8460
8461
8470
8475
8475
8483
8490
8491
8494
8502
8511
8513
8514
8515
8515
8516
8519
8521
8523
8524
8524
8524
8531
8532
8538
8540
8544
8549
8552
8555
8558
8561
8562
8565
8566
8567
8567
8573
8576
8576
8577
8582
8582
8585
8585
8590
8593
8595
8596
8602
8602
8609
8616
8620
8626
8629
8630
8631
8640
8643
8643
8649
8652
8656
8658
8660
8660
8661
8661
8662
8668
8677
8688
8690
8694
8695
8699
8702
8707
8710
8717
8718
8725
8726
8728
8737
8737
8740
8744
8744
8745
8745
8746
8748
8752
8757
8759
8762
8763
8768
8769
8770
8780
8780
8782
8782
8782
8785
8791
8796
8804
8814
8817
8818
8819
8820
8820
8832
8839
8842
8845
8848
8858
8869
8871
8876
8877
8877
8879
8881
8886
8893
8896
8899
8900
8901
8905
8909
8910
8911
8914
8921
8926
8929
8930
8933
8934
8935
8939
8945
8954
8954
8960
8974
8976
8977
8979
8982
8985
8987
8991
8992
8995
8995
9000
9004
9005
9006
9009
9010
9017
9021
9021
9025
9029
9031
9034
9042
9048
9052
9055
9056
9058
9058
9069
9069
9070
9072
9077
9085
9092
9094
9107
9110
9111
9112
9116
9116
9120
9126
9127
9128
9131
9137
9143
9145
9146
9147
9148
9152
9163
9167
9174
9175
9176
9182
9185
9185
9190
9195
9196
9205
9206
9209
9209
9211
9214
9214
9215
9219
9223
9223
9224
9226
9227
9238
9243
9262
9262
9269
9271
9278
9284
9285
9287
9289
9296
9296
9298
9303
9306
9308
9309
9311
9311
9322
9322
9323
9324
9325
9331
9333
9347
9349
9350
9352
9353
9353
9354
9354
9354
9364
9369
9369
9370
9373
9374
9374
9378
9380
9382
9386
9388
9391
9404
9404
9410
9413
9415
9419
9419
9420
9422
9432
9433
9435
9439
9447
9447
9453
9453
9457
9460
9465
9468
9469
9471
9474
9474
9475
9489
9491
9492
9492
9495
9495
9498
9500
9505
9510
9511
9517
9519
9522
9523
9524
9533
9539
9545
9545
9549
9552
9554
9556
9559
9560
9561
9572
9577
9584
9585
9586
9586
9590
9591
9598
9598
9601
9612
9613
9627
9627
9628
9628
9630
9632
9632
9636
9636
9637
9640
9656
9656
9660
9661
9663
9667
9670
9672
9680
9684
9685
9687
9687
9687
9703
9708
9712
9712
9723
9724
9730
9734
9736
9738
9748
9748
9751
9754
9757
9762
9762
9762
9763
9768
9773
9775
9781
9785
9790
9790
9793
9797
9799
9804
9804
9805
9806
9806
9807
9809
9812
9812
9814
9822
9825
9828
9828
9834
9837
9842
9846
9855
9857
9863
9868
9869
9874
9874
9886
9886
9888
9888
9893
9896
9897
9899
9906
9906
9908
9914
9915
9917
9918
9920
9921
9923
9928
9930
9930
9936
9937
9940
9945
9948
9949
9954
9961
9963
9963
9964
9968
9969
9993
9994
9995
9996
10000
10005
10012
10018
10019
10021
10021
10028
10030
10037
10039
10039
10044
10044
10050
10050
10051
10058
10065
10067
10072
10074
10079
10079
10088
10094
10096
10096
10099
10103
10105
10105
10120
10123
10123
10125
10128
10129
10132
10134
10143
10146
10148
10150
10153
10159
10163
10174
10178
10179
10181
10185
10187
10198
10203
10203
10206
10206
10206
10207
10209
10210
10213
10215
10227
10236
10237
10239
10240
10242
10244
10245
10249
10251
10253
10254
10256
10259
10268
10279
10283
10285
10288
10296
10308
10312
10321
10321
10322
10329
10332
10338
10339
10343
10348
10350
10353
10356
10358
10361
10368
10369
10370
10373
10379
10386
10388
10388
10392
10396
10397
10410
10413
10413
10413
10417
10421
10429
10430
10431
10435
10436
10442
10445
10445
10454
10459
10463
10470
10470
10475
10479
10481
10482
10495
10497
10498
10498
10503
10511
10518
10527
10527
10530
10531
10532
10533
10540
10543
10553
10554
10554
10554
10555
10569
10570
10573
10576
10577
10578
10588
10594
10603
10604
10605
10607
10619
10621
10623
10628
10628
10628
10636
10638
10638
10639
10644
10646
10647
10648
10651
10654
10655
10657
10659
10663
10665
10670
10671
10671
10672
10674
10677
10677
10677
10684
10685
10687
10692
10693
10701
10704
10707
10708
10716
10720
10721
10730
10731
10733
10737
10738
10741
10743
10747
10752
10762
10766
10768
10768
10770
10771
10772
10774
10776
10776
10777
10777
10778
10778
10782
10784
10784
10784
10785
10786
10786
10788
10790
10791
10796
10801
10805
10814
10816
10833
10834
10838
10842
10850
10855
10857
10860
10867
10870
10875
10880
10882
10886
10889
10891
10892
10896
10899
10902
10914
10917
10924
10938
10939
10940
10953
10956
10957
10962
10964
10970
10970
10972
10976
10976
10982
10984
10997
11000
11011
11012
11021
11024
11027
11028
11030
11037
11040
11042
11050
11051
11053
11055
11056
11060
11062
11064
11070
11076
11076
11079
11084
11088
11088
11090
11090
11095
11101
11107
11109
11110
11111
11113
11120
11122
11123
11125
11129
11132
11136
11137
11143
11153
11159
11163
11166
11167
11167
11167
11168
11173
11174
11179
11180
11182
11184
11186
11189
11193
11194
11194
11197
11197
11197
11198
11199
11202
11207
11207
11212
11212
11219
11219
11226
11228
11230
11231
11235
11237
11248
11253
11254
11257
11259
11264
11270
11274
11274
11277
11277
11283
11283
11285
11287
11290
11291
11291
11292
11294
11295
11311
11312
11316
11319
11326
11327
11331
11331
11332
11334
11335
11338
11340
11341
11343
11345
11349
11351
11358
11362
11367
11371
11371
11378
11381
11382
11385
11389
11391
11393
11396
11400
11401
11416
11417
11421
11422
11423
11426
11428
11430
11438
11439
11440
11442
11444
11447
11449
11454
11457
11462
11467
11470
11480
11481
11481
11482
11488
11489
11504
11505
11508
11515
11516
11517
11517
11520
11527
11531
11531
11539
11539
11548
11551
11551
11556
11560
11569
11577
11581
11583
11594
11595
11600
11601
11603
11605
11609
11613
11615
11615
11616
11621
11626
11629
11638
11641
11646
11648
11653
11676
11677
11677
11683
11686
11687
11688
11698
11698
11699
11699
11704
11704
11706
11710
11713
11714
11715
11718
11721
11721
11722
11728
11731
11739
11741
11741
11743
11755
11763
11773
11773
11774
11794
11796
11797
11800
11801
11805
11811
11817
11821
11824
11826
11828
11830
11832
11838
11842
11844
11848
11850
11852
11853
11859
11861
11869
11881
11883
11884
11885
11890
11890
11891
11899
11899
11900
11907
11910
11915
11915
11916
11917
11917
11920
11924
11926
11932
11933
11939
11941
11943
11946
11958
11959
11963
11964
11966
11968
11969
11982
11995
11998
12002
12003
12016
12022
12023
12026
12029
12030
12033
12033
12037
12042
12043
12047
12048
12048
12051
12055
12062
12064
12070
12070
12080
12094
12094
12104
12105
12108
12110
12115
12115
12127
12128
12129
12130
12132
12134
12136
12140
12140
12143
12143
12148
12150
12150
12150
12158
12162
12169
12171
12174
12174
12176
12176
12178
12180
12180
12181
12198
12198
12205
12208
12211
12216
12221
12228
12229
12231
12236
12236
12237
12241
12241
12246
12250
12258
12259
12260
12261
12262
12265
12266
12266
12268
12269
12273
12276
12278
12281
12281
12283
12283
12287
12292
12295
12295
12297
12299
12302
12303
12305
12306
12317
12321
12326
12336
12340
12343
12346
12353
12354
12357
12366
12370
12371
12372
12373
12373
12373
12374
12379
12382
12383
12385
12388
12390
12391
12392
12406
12409
12409
12411
12425
12426
12431
12431
12432
12433
12437
12438
12441
12442
12448
12449
12454
12457
12459
12469
12475
12476
12477
12477
12483
12486
12486
12493
12495
12496
12502
12506
12508
12511
12513
12516
12523
12523
12526
12526
12527
12535
12536
12536
12540
12545
12546
12546
12549
12549
12555
12558
12558
12559
12574
12580
12582
12582
12587
12588
12588
12590
12590
12593
12609
12616
12617
12623
12623
12627
12629
12629
12630
12633
12634
12635
12636
12645
12647
12649
12650
12664
12668
12689
12695
12696
12698
12713
12719
12722
12726
12727
12730
12731
12736
12743
12745
12747
12748
12751
12752
12752
12753
12763
12764
12766
12770
12770
12770
12770
12771
12772
12776
12780
12793
12797
12805
12809
12810
12811
12816
12817
12820
12821
12824
12826
12835
12845
12852
12854
12855
12855
12862
12867
12868
12870
12872
12881
12881
12883
12884
12885
12892
12893
12903
12903
12903
12904
12905
12916
12919
12921
12923
12925
12926
12928
12928
12933
12937
12937
12940
12941
12942
12944
12946
12949
12951
12951
12954
12958
12958
12959
12966
12967
12968
12968
12973
12980
12980
12985
12985
12988
12994
12996
12996
13001
13006
13006
13009
13010
13015
13015
13016
13021
13031
13037
13037
13037
13040
13045
13048
13049
13052
13054
13060
13060
13060
13068
13071
13072
13072
13077
13081
13088
13094
13094
13096
13096
13097
13097
13101
13105
13107
13112
13116
13118
13127
13129
13135
13136
13140
13140
13140
13146
13150
13154
13160
13160
13164
13164
13172
13173
13180
13182
13192
13193
13198
13202
13202
13204
13207
13208
13209
13216
13219
13227
13228
13232
13233
13233
13235
13237
13237
13238
13247
13248
13249
13261
13262
13262
13264
13265
13265
13266
13272
13285
13285
13285
13288
13294
13296
13302
13305
13305
13307
13316
13320
13325
13326
13327
13335
13338
13339
13340
13340
13342
13344
13350
13351
13352
13354
13356
13361
13367
13370
13374
13376
13379
13380
13381
13383
13390
13395
13399
13401
13403
13410
13412
13416
13417
13417
13426
13427
13428
13434
13439
13443
13443
13444
13445
13447
13449
13450
13451
13456
13456
13456
13458
13470
13473
13474
13480
13481
13483
13483
13489
13489
13490
13511
13511
13515
13523
13523
13525
13527
13534
13538
13549
13550
13551
13551
13554
13561
13562
13564
13574
13575
13588
13592
13594
13596
13601
13601
13602
13606
13610
13612
13616
13616
13626
13628
13634
13634
13638
13642
13645
13646
13647
13650
13653
13660
13661
13662
13670
13685
13688
13689
13695
13695
13698
13700
13701
13702
13713
13713
13714
13716
13717
13720
13723
13724
13724
13747
13747
13748
13750
13753
13755
13760
13766
13766
13766
13775
13776
13779
13779
13787
13787
13793
13800
13801
13804
13807
13807
13807
13814
13819
13833
13835
13847
13851
13855
13855
13856
13857
13866
13868
13874
13877
13881
13886
13887
13887
13887
13888
13889
13900
13900
13911
13914
13918
13928
13930
13932
13933
13935
13936
13939
13941
13947
13956
13956
13957
13964
13964
13966
13967
13969
13980
13981
13981
13984
13993
13999
14000
14005
14006
14007
14013
14016
14016
14020
14021
14030
14034
14037
14037
14039
14042
14047
14048
14052
14054
14054
14055
14060
14062
14075
14082
14085
14086
14102
14104
14111
14111
14117
14119
14120
14124
14125
14130
14132
14133
14140
14142
14142
14144
14154
14161
14164
14164
14165
14168
14170
14173
14178
14180
14180
14181
14187
14187
14188
14191
14192
14194
14199
14218
14223
14224
14225
14226
14231
14233
14234
14243
14244
14247
14247
14248
14250
14252
14252
14254
14255
14258
14259
14259
14261
14273
14274
14275
14277
14282
14287
14290
14291
14303
14304
14305
14305
14312
14315
14335
14335
14336
14343
14343
14344
14344
14357
14359
14359
14367
14367
14369
14371
14376
14376
14382
14385
14385
14387
14392
14395
14399
14400
14404
14404
14405
14409
14418
14420
14420
14425
14433
14439
14442
14445
14451
14457
14461
14465
14468
14470
14471
14472
14478
14478
14479
14481
14481
14489
14491
14493
14495
14495
14496
14497
14498
14499
14500
14505
14505
14505
14505
14509
14520
14521
14521
14523
14524
14527
14528
14531
14531
14533
14535
14537
14540
14547
14547
14548
14555
14556
14557
14559
14564
14568
14568
14568
14572
14573
14574
14575
14578
14579
14581
14589
14592
14594
14595
14597
14602
14605
14606
14610
14612
14618
14620
14623
14629
14639
14642
14642
14643
14644
14645
14651
14653
14659
14663
14664
14666
14669
14678
14681
14688
14690
14691
14692
14692
14692
14695
14698
14698
14704
14708
14710
14712
14712
14714
14715
14720
14724
14726
14733
14741
14742
14743
14747
14748
14750
14757
14757
14758
14759
14764
14774
14776
14795
14796
14798
14810
14810
14810
14815
14816
14818
14821
14836
14844
14851
14852
14853
14861
14870
14870
14871
14875
14875
14881
14884
14885
14888
14888
14890
14900
14902
14904
14904
14905
14907
14908
14912
14913
14914
14918
14919
14919
14920
14928
14933
14934
14935
14935
14936
14940
14942
14944
14945
14951
14952
14965
14972
14972
14974
14974
14977
14978
14984
14987
14988
15001
15004
15012
15012
15013
15013
15014
15014
15021
15027
15028
15030
15037
15038
15046
15051
15060
15060
15060
15062
15063
15063
15063
15067
15069
15071
15076
15078
15090
15094
15095
15097
15099
15099
15106
15113
15115
15117
15126
15130
15130
15133
15133
15137
15146
15146
15147
15151
15151
15151
15164
15166
15167
15168
15178
15180
15186
15194
15195
15198
15199
15204
15212
15218
15239
15240
15240
15241
15241
15244
15244
15250
15253
15256
15260
15266
15266
15268
15270
15275
15277
15280
15281
15288
15294
15298
15299
15299
15299
15300
15302
15306
15316
15323
15324
15325
15327
15332
15333
15338
15339
15345
15347
15349
15350
15356
15358
15362
15362
15365
15371
15375
15377
15386
15389
15401
15406
15406
15407
15407
15410
15412
15420
15424
15425
15426
15431
15433
15436
15439
15440
15441
15443
15450
15450
15456
15458
15458
15461
15466
15468
15471
15476
15485
15494
15496
15503
15510
15512
15514
15514
15520
15520
15521
15522
15523
15527
15528
15534
15535
15550
15554
15555
15555
15558
15558
15558
15567
15567
15570
15571
15578
15579
15580
15588
15589
15590
15593
15596
15597
15601
15602
15603
15603
15608
15608
15612
15621
15631
15633
15637
15638
15652
15653
15658
15658
15660
15664
15664
15667
15673
15676
15680
15681
15686
15690
15703
15705
15705
15706
15706
15712
15712
15715
15715
15721
15722
15724
15725
15731
15731
15732
15737
15737
15738
15739
15743
15749
15755
15756
15757
15758
15758
15758
15759
15767
15774
15776
15784
15792
15796
15798
15805
15806
15809
15813
15820
15821
15826
15828
15830
15832
15836
15836
15837
15842
15855
15862
15864
15865
15869
15871
15873
15875
15884
15886
15893
15893
15895
15897
15901
15904
15909
15910
15913
15913
15913
15914
15916
15919
15923
15924
15924
15925
15927
15929
15937
15939
15939
15939
15942
15949
15950
15952
15964
15967
15968
15981
15985
15986
15990
15992
16001
16001
16003
16005
16009
16010
16011
16012
16015
16018
16020
16020
16021
16021
16028
16033
16037
16040
16042
16047
16052
16055
16057
16057
16063
16068
16069
16072
16072
16079
16081
16084
16090
16092
16106
16109
16112
16120
16123
16141
16142
16147
16151
16154
16156
16156
16165
16165
16166
16172
16173
16174
16177
16182
16183
16190
16193
16193
16195
16196
16207
16208
16209
16214
16219
16223
16234
16236
16238
16247
16286
16288
16289
16291
16292
16296
16296
16296
16299
16304
16305
16308
16309
16310
16312
16313
16314
16321
16321
16323
16328
16329
16332
16338
16348
16350
16353
16356
16357
16361
16366
16371
16371
16373
16376
16389
16389
16392
16395
16397
16402
16404
16404
16407
16409
16411
16414
16422
16423
16424
16424
16431
16432
16432
16436
16439
16439
16440
16440
16443
16449
16453
16455
16456
16459
16460
16460
16462
16463
16463
16464
16471
16476
16480
16483
16493
16493
16497
16502
16503
16506
16506
16514
16514
16516
16516
16517
16518
16523
16538
16539
16541
16541
16545
16551
16554
16554
16557
16559
16570
16573
16574
16578
16581
16587
16590
16591
16601
16601
16603
16610
16612
16613
16620
16621
16622
16626
16628
16628
16629
16633
16634
16634
16635
16636
16637
16641
16641
16641
16642
16643
16649
16651
16656
16659
16661
16662
16665
16666
16676
16676
16685
16693
16699
16703
16707
16709
16712
16720
16721
16724
16724
16726
16731
16731
16732
16739
16742
16742
16744
16746
16749
16757
16762
16765
16766
16771
16774
16775
16779
16779
16780
16781
16781
16781
16782
16782
16785
16786
16790
16792
16793
16812
16816
16816
16819
16820
16823
16823
16830
16833
16835
16835
16840
16849
16850
16851
16852
16857
16859
16859
16859
16863
16863
16873
16876
16877
16879
16880
16883
16891
16893
16898
16900
16902
16906
16913
16917
16923
16925
16926
16929
16933
16935
16940
16944
16944
16949
16952
16953
16954
16954
16965
16966
16966
16977
16982
16983
16985
16986
16986
16987
16993
16998
16998
17002
17002
17007
17013
17015
17024
17027
17027
17031
17032
17034
17037
17037
17045
17046
17048
17049
17050
17057
17062
17064
17066
17068
17072
17074
17076
17077
17080
17081
17081
17084
17105
17109
17111
17119
17119
17121
17125
17126
17131
17132
17135
17136
17137
17144
17145
17148
17153
17155
17162
17169
17170
17172
17175
17180
17184
17184
17185
17194
17196
17197
17203
17203
17205
17217
17221
17225
17227
17228
17232
17232
17236
17236
17242
17243
17244
17245
17250
17251
17264
17265
17266
17270
17270
17270
17274
17285
17292
17295
17296
17296
17298
17298
17309
17311
17314
17323
17323
17325
17326
17326
17329
17329
17334
17338
17338
17340
17343
17348
17349
17351
17356
17356
17358
17361
17361
17361
17364
17364
17365
17369
17374
17384
17386
17393
17398
17401
17402
17418
17421
17424
17428
17430
17432
17439
17440
17442
17446
17448
17449
17455
17455
17455
17455
17456
17463
17464
17467
17468
17477
17480
17481
17485
17486
17488
17489
17489
17491
17491
17491
17499
17500
17503
17504
17508
17509
17514
17514
17517
17519
17520
17520
17521
17522
17528
17528
17531
17535
17537
17538
17540
17549
17555
17559
17562
17568
17579
17584
17590
17591
17594
17599
17605
17605
17615
17618
17628
17629
17629
17632
17635
17646
17649
17649
17651
17662
17663
17664
17667
17667
17671
17673
17680
17685
17689
17692
17692
17697
17698
17700
17708
17711
17713
17714
17716
17718
17722
17727
17729
17733
17738
17744
17758
17762
17763
17764
17766
17768
17768
17772
17773
17773
17773
17777
17780
17789
17791
17792
17794
17795
17795
17796
17796
17797
17799
17801
17802
17807
17810
17811
17819
17822
17823
17833
17836
17841
17843
17844
17853
17857
17865
17869
17870
17872
17874
17877
17883
17883
17886
17888
17895
17898
17900
17905
17905
17910
17915
17916
17917
17927
17936
17939
17942
17942
17951
17959
17963
17964
17969
17971
17973
17975
17975
17979
17979
17983
17984
17985
17993
17994
17997
17998
18000
18000
18003
18008
18015
18023
18028
18028
18029
18029
18034
18040
18042
18044
18046
18052
18054
18054
18056
18063
18064
18073
18077
18081
18090
18094
18097
18099
18108
18119
18120
18121
18123
18123
18124
18125
18127
18135
18135
18143
18143
18155
18161
18162
18163
18164
18165
18168
18169
18173
18174
18177
18178
18184
18185
18190
18192
18193
18196
18203
18205
18207
18218
18218
18219
18219
18225
18227
18227
18235
18240
18243
18243
18243
18244
18246
18247
18249
18251
18261
18263
18270
18270
18271
18276
18293
18307
18307
18309
18310
18310
18315
18316
18317
18320
18327
18329
18330
18330
18333
18334
18338
18341
18346
18347
18349
18349
18354
18355
18356
18359
18363
18364
18365
18367
18368
18368
18370
18372
18373
18375
18377
18381
18382
18385
18385
18386
18386
18389
18391
18395
18402
18405
18406
18408
18411
18412
18413
18419
18420
18427
18444
18448
18463
18464
18464
18476
18482
18483
18486
18493
18496
18497
18499
18507
18512
18515
18517
18521
18529
18532
18532
18541
18548
18551
18554
18557
18558
18560
18563
18569
18577
18577
18578
18583
18584
18589
18593
18600
18601
18603
18604
18615
18616
18619
18620
18622
18631
18635
18638
18641
18643
18645
18646
18652
18669
18682
18688
18689
18695
18696
18704
18704
18704
18705
18707
18709
18712
18712
18713
18717
18717
18724
18725
18725
18731
18735
18740
18751
18755
18757
18757
18763
18764
18769
18770
18772
18772
18775
18779
18781
18787
18792
18794
18806
18810
18811
18815
18821
18822
18826
18828
18829
18831
18832
18833
18837
18841
18842
18842
18848
18849
18850
18855
18861
18862
18863
18865
18872
18873
18877
18879
18888
18889
18892
18893
18897
18899
18904
18905
18917
18918
18918
18920
18923
18924
18924
18927
18928
18934
18936
18943
18943
18949
18949
18952
18952
18956
18965
18969
18969
18972
18976
18980
18988
18988
18988
18993
18994
19000
19001
19004
19004
19006
19013
19016
19019
19023
19027
19027
19034
19034
19041
19041
19046
19048
19060
19067
19069
19070
19071
19078
19079
19081
19083
19085
19090
19091
19091
19091
19092
19094
19111
19116
19117
19126
19127
19128
19130
19131
19131
19132
19141
19147
19147
19148
19151
19152
19153
19154
19159
19161
19166
19167
19167
19168
19171
19174
19175
19187
19192
19199
19199
19206
19212
19216
19224
19229
19233
19245
19246
19251
19254
19254
19254
19256
19259
19261
19261
19264
19267
19268
19269
19275
19281
19282
19282
19283
19284
19288
19293
19298
19299
19302
19302
19305
19305
19308
19313
19314
19320
19325
19326
19332
19336
19338
19339
19345
19351
19354
19363
19363
19364
19368
19375
19377
19378
19380
19381
19386
19393
19401
19402
19410
19411
19412
19423
19429
19429
19430
19431
19431
19435
19436
19437
19439
19439
19441
19445
19450
19453
19454
19455
19455
19456
19458
19462
19463
19463
19464
19465
19466
19468
19471
19472
19474
19475
19479
19479
19487
19489
19492
19494
19496
19496
19497
19498
19500
19502
19505
19506
19506
19507
19514
19519
19522
19534
19535
19542
19542
19547
19551
19568
19568
19570
19570
19570
19573
19577
19581
19582
19583
19587
19592
19594
19598
19599
19599
19603
19605
19605
19606
19607
19616
19616
19626
19629
19629
19632
19635
19636
19637
19643
19645
19645
19650
19651
19658
19659
19661
19661
19669
19669
19669
19670
19677
19679
19681
19683
19686
19692
19700
19702
19703
19706
19709
19711
19716
19722
19725
19729
19732
19732
19735
19735
19741
19747
19752
19754
19762
19763
19769
19772
19782
19783
19785
19785
19786
19790
19795
19798
19799
19799
19801
19803
19803
19804
19805
19809
19812
19812
19818
19832
19834
19834
19836
19838
19841
19841
19847
19854
19854
19858
19861
19868
19881
19890
19894
19898
19903
19903
19906
19907
19911
19914
19916
19918
19921
19924
19931
19932
19944
19946
19947
19950
19950
19952
19958
19961
19963
19968
19971
19973
19973
19974
19975
19976
19978
19980
19981
19981
19990
19998
20003
20009
20017
20019
20019
20021
20025
20030
20035
20036
20038
20043
20043
20046
20056
20057
20058
20062
20064
20066
20069
20069
20072
20073
20075
20078
20083
20084
20085
20092
20093
20094
20100
20103
20107
20107
20109
20111
20111
20125
20140
20142
20143
20150
20156
20157
20162
20165
20168
20173
20179
20183
20191
20198
20198
20207
20207
20209
20211
20218
20223
20223
20225
20227
20230
20235
20236
20241
20242
20247
20251
20253
20253
20259
20260
20266
20271
20271
20271
20277
20278
20278
20283
20283
20286
20288
20295
20295
20305
20308
20311
20312
20315
20317
20322
20330
20332
20333
20336
20339
20351
20353
20355
20356
20358
20359
20360
20360
20363
20365
20367
20370
20370
20372
20373
20379
20379
20380
20382
20382
20395
20395
20396
20402
20404
20405
20406
20411
20411
20412
20412
20414
20415
20416
20422
20423
20425
20431
20434
20434
20435
20439
20445
20447
20454
20458
20462
20464
20468
20472
20473
20474
20480
20484
20485
20492
20494
20499
20501
20502
20502
20503
20503
20510
20513
20518
20522
20524
20537
20540
20540
20544
20544
20546
20546
20555
20556
20556
20559
20561
20561
20570
20571
20572
20572
20578
20581
20582
20584
20590
20592
20593
20594
20597
20606
20612
20619
20619
20626
20629
20631
20639
20647
20650
20656
20660
20660
20664
20671
20672
20676
20676
20677
20677
20679
20679
20681
20693
20702
20719
20719
20720
20722
20723
20727
20733
20737
20743
20747
20753
20757
20758
20761
20775
20777
20779
20779
20790
20792
20793
20794
20794
20796
20798
20804
20806
20806
20812
20813
20816
20817
20817
20819
20821
20821
20822
20830
20831
20834
20834
20836
20839
20840
20854
20857
20866
20867
20868
20870
20879
20883
20885
20895
20898
20900
20908
20908
20911
20921
20925
20929
20935
20936
20937
20946
20948
20951
20953
20956
20964
20970
20970
20971
20971
20974
20976
20985
20991
20998
21002
21002
21003
21011
21011
21013
21019
21020
21027
21030
21033
21035
21037
21041
21048
21048
21053
21054
21055
21055
21058
21059
21059
21062
21084
21090
21090
21093
21100
21100
21100
21105
21107
21112
21123
21125
21129
21129
21132
21136
21137
21147
21150
21155
21158
21165
21167
21169
21170
21170
21171
21175
21176
21177
21177
21178
21186
21187
21188
21189
21189
21189
21191
21193
21193
21197
21197
21198
21210
21211
21211
21212
21217
21232
21234
21240
21244
21251
21252
21252
21252
21259
21264
21266
21270
21282
21284
21284
21286
21286
21287
21290
21294
21301
21307
21309
21310
21310
21312
21313
21314
21315
21316
21319
21323
21324
21328
21329
21335
21338
21340
21341
21342
21350
21353
21353
21356
21358
21359
21359
21362
21368
21370
21373
21387
21391
21395
21401
21403
21406
21406
21413
21420
21425
21426
21428
21441
21444
21448
21450
21451
21451
21456
21462
21463
21465
21473
21475
21478
21478
21479
21488
21488
21500
21507
21508
21511
21522
21522
21524
21527
21529
21531
21533
21538
21546
21555
21555
21557
21559
21565
21566
21567
21568
21573
21573
21580
21583
21583
21588
21593
21596
21598
21600
21601
21618
21622
21630
21632
21637
21641
21645
21657
21659
21660
21665
21666
21672
21673
21676
21677
21677
21681
21683
21685
21686
21687
21689
21689
21690
21694
21697
21699
21699
21700
21705
21705
21707
21708
21709
21720
21720
21723
21727
21736
21737
21740
21741
21743
21745
21748
21750
21752
21766
21772
21773
21776
21777
21778
21780
21783
21783
21785
21789
21803
21805
21806
21807
21810
21812
21812
21814
21815
21819
21825
21827
21827
21830
21839
21839
21839
21840
21844
21848
21854
21864
21865
21865
21877
21888
21888
21891
21891
21891
21892
21893
21895
21896
21899
21902
21904
21906
21912
21919
21919
21925
21928
21940
21942
21944
21948
21948
21949
21957
21958
21963
21964
21966
21966
21968
21968
21968
21970
21978
21982
21984
21985
21986
21991
21993
21994
21995
21998
22002
22002
22006
22016
22023
22023
22025
22027
22028
22029
22045
22045
22048
22053
22065
22066
22072
22075
22085
22085
22088
22091
22093
22097
22098
22100
22104
22105
22106
22110
22111
22119
22120
22122
22126
22126
22126
22127
22137
22142
22143
22148
22149
22152
22154
22160
22161
22166
22166
22167
22170
22171
22173
22174
22176
22178
22187
22188
22189
22190
22193
22198
22201
22202
22213
22215
22221
22226
22232
22237
22238
22261
22263
22263
22265
22266
22275
22275
22276
22280
22288
22292
22293
22296
22299
22302
22304
22313
22316
22316
22319
22319
22319
22320
22336
22337
22339
22339
22339
22342
22350
22351
22351
22353
22356
22357
22363
22364
22365
22366
22369
22372
22377
22379
22383
22383
22383
22384
22385
22390
22393
22394
22396
22396
22398
22399
22401
22405
22410
22412
22414
22428
22431
22431
22435
22436
22439
22439
22453
22459
22460
22461
22462
22464
22468
22468
22469
22471
22471
22473
22474
22475
22477
22477
22482
22485
22488
22490
22494
22495
22499
22501
22507
22508
22512
22514
22516
22520
22525
22532
22532
22534
22535
22537
22542
22543
22546
22551
22557
22560
22565
22565
22566
22574
22575
22577
22580
22580
22582
22583
22583
22588
22590
22591
22591
22595
22600
22600
22615
22621
22625
22631
22631
22644
22646
22647
22649
22654
22655
22659
22659
22660
22667
22669
22669
22670
22673
22680
22681
22683
22684
22699
22707
22708
22710
22711
22713
22717
22718
22726
22731
22735
22736
22738
22740
22741
22745
22746
22758
22760
22762
22769
22772
22774
22779
22780
22782
22784
22789
22791
22792
22797
22800
22801
22801
22804
22805
22817
22820
22821
22822
22823
22823
22828
22830
22833
22836
22836
22838
22839
22840
22842
22843
22847
22849
22855
22857
22859
22862
22862
22863
22869
22873
22873
22874
22884
22887
22895
22896
22896
22897
22899
22900
22902
22903
22916
22920
22921
22926
22926
22933
22933
22938
22949
22955
22959
22959
22960
22961
22961
22963
22968
22969
22975
22978
22979
22981
22982
22988
22993
22996
23012
23020
23025
23026
23028
23030
23033
23039
23040
23042
23049
23059
23062
23063
23068
23076
23076
23077
23080
23082
23089
23095
23107
23107
23113
23113
23117
23118
23122
23123
23128
23130
23132
23133
23136
23137
23140
23141
23148
23149
23150
23151
23151
23160
23162
23164
23167
23173
23180
23188
23189
23194
23200
23201
23203
23211
23211
23217
23222
23226
23227
23227
23228
23232
23234
23243
23243
23243
23247
23247
23247
23254
23258
23263
23265
23269
23271
23276
23280
23282
23284
23291
23293
23304
23306
23306
23307
23309
23309
23311
23316
23323
23325
23326
23328
23329
23332
23351
23354
23361
23361
23368
23372
23372
23375
23376
23387
23390
23393
23395
23398
23399
23405
23408
23408
23424
23435
23435
23435
23439
23442
23444
23447
23449
23460
23472
23472
23473
23475
23477
23483
23483
23484
23494
23496
23501
23504
23509
23512
23519
23522
23535
23538
23548
23553
23555
23556
23559
23559
23565
23565
23572
23576
23581
23582
23591
23594
23594
23607
23611
23616
23617
23618
23620
23627
23627
23628
23629
23638
23646
23647
23648
23660
23662
23662
23665
23665
23671
23674
23675
23684
23693
23702
23703
23711
23716
23724
23726
23729
23732
23733
23734
23734
23735
23737
23737
23739
23742
23744
23749
23750
23754
23759
23760
23769
23771
23775
23777
23780
23798
23799
23822
23826
23829
23833
23833
23834
23835
23838
23842
23844
23850
23853
23868
23870
23875
23880
23883
23883
23884
23885
23886
23887
23892
23893
23898
23903
23905
23908
23909
23912
23914
23917
23921
23922
23926
23931
23933
23934
23941
23943
23948
23953
23958
23959
23963
23965
23965
23966
23967
23968
23970
23977
23986
23992
23993
23994
23997
23997
24000
24001
24014
24016
24019
24020
24020
24027
24029
24038
24047
24050
24066
24073
24073
24079
24081
24085
24086
24087
24089
24092
24096
24102
24105
24108
24114
24114
24117
24117
24120
24120
24121
24126
24137
24145
24147
24151
24151
24152
24153
24156
24157
24163
24166
24168
24171
24171
24173
24176
24177
24179
24180
24182
24185
24190
24194
24194
24196
24199
24206
24207
24209
24211
24214
24214
24221
24224
24229
24230
24232
24234
24235
24235
24241
24244
24245
24247
24247
24248
24252
24256
24256
24257
24261
24263
24265
24265
24267
24269
24270
24272
24272
24274
24277
24277
24278
24279
24280
24280
24286
24290
24298
24300
24300
24304
24304
24312
24313
24315
24318
24321
24322
24327
24328
24332
24333
24341
24343
24349
24351
24353
24358
24364
24379
24379
24380
24381
24384
24385
24394
24397
24413
24418
24420
24421
24422
24428
24431
24432
24432
24433
24433
24438
24451
24451
24454
24456
24458
24463
24473
24474
24480
24481
24485
24486
24491
24493
24493
24494
24495
24496
24500
24501
24503
24505
24507
24507
24513
24519
24521
24522
24523
24523
24533
24535
24536
24540
24544
24545
24550
24551
24552
24552
24552
24554
24558
24559
24560
24578
24579
24590
24593
24594
24595
24599
24605
24614
24616
24618
24625
24632
24638
24640
24643
24643
24644
24646
24647
24655
24658
24664
24667
24668
24668
24675
24676
24676
24677
24679
24679
24680
24686
24694
24696
24702
24702
24707
24710
24711
24712
24717
24723
24726
24726
24726
24733
24734
24734
24738
24738
24740
24748
24752
24752
24753
24758
24759
24763
24764
24768
24770
24776
24777
24779
24785
24786
24786
24789
24796
24799
24800
24801
24801
24802
24804
24804
24808
24808
24818
24825
24826
24827
24829
24831
24838
24838
24850
24854
24863
24871
24875
24875
24875
24878
24881
24883
24884
24886
24891
24904
24905
24915
24921
24922
24922
24939
24942
24945
24946
24948
24950
24955
24965
24971
24975
24976
24979
24980
24983
24985
24988
24989
24994
24999
25002
25021
25022
25028
25029
25034
25036
25037
25038
25044
25048
25050
25050
25060
25061
25067
25067
25069
25069
25074
25076
25076
25076
25077
25080
25082
25085
25094
25094
25100
25103
25104
25110
25115
25117
25121
25121
25123
25126
25126
25134
25141
25146
25148
25149
25152
25153
25160
25167
25170
25173
25174
25177
25179
25181
25187
25187
25190
25194
25196
25202
25204
25206
25213
25216
25220
25221
25221
25223
25223
25224
25235
25236
25240
25241
25249
25251
25253
25254
25258
25260
25261
25269
25270
25275
25285
25293
25298
25299
25301
25302
25302
25312
25313
25328
25332
25334
25338
25349
25350
25351
25352
25353
25359
25360
25363
25368
25395
25400
25400
25400
25411
25414
25416
25419
25424
25429
25432
25435
25439
25442
25447
25451
25451
25458
25464
25469
25478
25482
25484
25484
25491
25493
25495
25495
25498
25501
25501
25504
25507
25511
25513
25515
25517
25521
25527
25533
25535
25536
25540
25546
25548
25549
25550
25554
25561
25561
25570
25571
25575
25579
25579
25580
25584
25587
25589
25593
25594
25595
25596
25600
25605
25607
25612
25615
25619
25625
25625
25627
25627
25627
25628
25628
25631
25637
25639
25641
25647
25659
25673
25673
25674
25690
25692
25693
25695
25702
25712
25714
25720
25724
25725
25725
25726
25735
25735
25744
25747
25749
25750
25759
25768
25771
25772
25775
25776
25783
25785
25786
25792
25793
25794
25796
25797
25799
25799
25800
25800
25801
25808
25809
25811
25814
25816
25821
25822
25823
25833
25836
25836
25837
25839
25841
25849
25852
25857
25862
25863
25867
25871
25875
25877
25884
25886
25886
25893
25894
25895
25895
25900
25900
25904
25905
25910
25911
25911
25913
25913
25915
25916
25920
25925
25927
25929
25931
25932
25938
25939
25940
25940
25942
25942
25953
25956
25958
25958
25960
25961
25964
25967
25969
25977
25988
25989
25992
25993
25993
25993
25994
25994
25996
25996
25999
26001
26002
26002
26002
26004
26009
26010
26015
26018
26019
26022
26022
26024
26024
26033
26038
26042
26046
26050
26051
26054
26054
26054
26056
26057
26057
26063
26066
26067
26069
26075
26076
26076
26077
26077
26078
26079
26085
26088
26091
26094
26094
26099
26100
26103
26104
26106
26110
26111
26115
26116
26119
26120
26124
26127
26130
26134
26135
26136
26145
26147
26147
26152
26153
26153
26153
26154
26154
26155
26155
26156
26163
26176
26188
26190
26193
26196
26198
26205
26207
26210
26217
26220
26222
26224
26226
26226
26233
26234
26235
26236
26238
26244
26248
26261
26263
26263
26267
26270
26276
26279
26281
26281
26285
26285
26288
26289
26289
26292
26297
26300
26303
26306
26314
26317
26319
26320
26324
26327
26337
26345
26351
26351
26355
26356
26358
26362
26366
26368
26371
26373
26374
26378
26380
26387
26388
26396
26406
26407
26410
26414
26415
26419
26425
26429
26432
26434
26436
26447
26453
26455
26457
26468
26471
26474
26475
26476
26479
26482
26483
26484
26490
26492
26493
26501
26502
26503
26503
26511
26517
26519
26520
26524
26528
26530
26531
26546
26546
26554
26554
26557
26557
26559
26562
26568
26570
26570
26575
26575
26586
26591
26594
26594
26596
26599
26599
26600
26601
26602
26603
26605
26605
26608
26609
26614
26619
26619
26620
26628
26628
26632
26639
26639
26644
26646
26648
26649
26654
26661
26663
26668
26679
26681
26684
26693
26703
26709
26712
26715
26720
26722
26725
26725
26744
26747
26749
26757
26757
26758
26758
26759
26763
26766
26769
26774
26779
26780
26784
26785
26788
26793
26794
26795
26810
26815
26817
26820
26823
26826
26831
26843
26855
26855
26855
26862
26862
26865
26867
26869
26872
26874
26883
26885
26887
26896
26897
26899
26901
26908
26908
26915
26922
26925
26928
26931
26933
26940
26942
26942
26947
26949
26950
26952
26954
26954
26964
26965
26965
26967
26969
26971
26971
26975
26976
26981
26985
26989
26996
26999
26999
27000
27001
27006
27008
27012
27015
27015
27017
27035
27042
27048
27052
27053
27067
27074
27076
27076
27079
27079
27081
27082
27086
27087
27099
27101
27105
27110
27113
27114
27115
27119
27125
27134
27135
27135
27136
27136
27136
27141
27145
27146
27147
27149
27168
27173
27178
27181
27192
27193
27194
27195
27196
27196
27200
27200
27204
27204
27207
27208
27212
27212
27213
27215
27224
27228
27229
27239
27240
27242
27248
27248
27250
27250
27251
27252
27255
27258
27261
27261
27262
27264
27266
27276
27281
27281
27282
27285
27285
27288
27288
27294
27296
27300
27300
27301
27306
27309
27310
27311
27311
27319
27320
27320
27325
27326
27332
27333
27335
27336
27337
27338
27342
27352
27352
27359
27368
27370
27371
27376
27378
27379
27382
27384
27385
27392
27399
27400
27406
27407
27414
27418
27419
27427
27427
27435
27438
27442
27443
27444
27446
27446
27446
27455
27459
27463
27464
27464
27466
27469
27469
27471
27473
27476
27477
27478
27478
27479
27485
27487
27490
27492
27492
27493
27494
27495
27497
27499
27501
27503
27509
27509
27512
27516
27518
27519
27520
27520
27527
27529
27532
27535
27537
27544
27553
27558
27560
27569
27570
27572
27573
27575
27576
27580
27584
27590
27595
27596
27597
27598
27599
27599
27600
27600
27601
27602
27602
27606
27611
27614
27621
27625
27627
27629
27632
27635
27635
27637
27640
27644
27648
27648
27649
27654
27655
27658
27663
27664
27664
27665
27668
27668
27673
27675
27675
27677
27684
27685
27688
27688
27691
27694
27694
27695
27701
27705
27708
27709
27712
27716
27716
27722
27726
27738
27739
27741
27745
27746
27747
27750
27751
27752
27752
27752
27753
27757
27759
27761
27767
27768
27770
27773
27774
27774
27774
27777
27782
27800
27801
27801
27801
27803
27803
27804
27809
27815
27816
27817
27817
27818
27819
27820
27822
27829
27831
27832
27833
27840
27841
27842
27846
27846
27852
27853
27853
27854
27856
27857
27857
27860
27866
27866
27868
27870
27870
27873
27874
27879
27879
27879
27880
27882
27885
27887
27891
27892
27894
27895
27896
27899
27901
27904
27905
27908
27911
27914
27915
27919
27926
27926
27936
27937
27948
27950
27955
27955
27956
27956
27957
27957
27960
27967
27971
27973
27983
27994
27994
27994
28001
28002
28002
28003
28014
28017
28018
28023
28025
28026
28028
28028
28036
28043
28055
28057
28060
28063
28066
28072
28077
28086
28087
28092
28102
28103
28111
28116
28120
28124
28126
28126
28129
28136
28138
28142
28144
28145
28146
28147
28148
28148
28149
28152
28163
28173
28177
28179
28179
28179
28181
28186
28187
28187
28187
28189
28201
28203
28204
28207
28210
28210
28214
28216
28217
28218
28224
28224
28225
28227
28227
28232
28233
28233
28234
28238
28239
28241
28242
28249
28250
28253
28254
28255
28255
28256
28257
28257
28264
28265
28270
28271
28281
28282
28283
28284
28300
28300
28302
28310
28312
28315
28316
28319
28323
28324
28332
28338
28340
28340
28341
28345
28351
28362
28365
28366
28369
28371
28376
28385
28386
28399
28400
28401
28406
28407
28407
28414
28414
28418
28419
28420
28421
28432
28433
28433
28433
28436
28437
28438
28439
28445
28446
28449
28450
28454
28459
28463
28466
28467
28473
28473
28477
28477
28481
28482
28492
28494
28495
28495
28497
28500
28504
28506
28508
28513
28519
28525
28528
28530
28534
28534
28548
28556
28568
28571
28572
28581
28586
28587
28593
28594
28595
28599
28602
28602
28617
28624
28625
28629
28631
28635
28635
28636
28636
28640
28641
28645
28648
28648
28652
28653
28653
28660
28667
28667
28670
28673
28674
28676
28679
28688
28688
28690
28691
28694
28695
28696
28702
28702
28703
28705
28705
28707
28712
28715
28718
28728
28731
28738
28742
28745
28750
28750
28750
28755
28756
28756
28765
28765
28767
28767
28769
28769
28771
28771
28776
28777
28778
28783
28784
28784
28790
28791
28794
28812
28813
28814
28814
28817
28818
28836
28838
28840
28840
28842
28842
28845
28849
28852
28856
28857
28857
28860
28866
28869
28870
28871
28873
28873
28876
28877
28878
28881
28885
28901
28903
28912
28921
28922
28923
28923
28925
28928
28928
28932
28937
28937
28941
28941
28942
28943
28945
28945
28945
28946
28948
28953
28955
28956
28958
28962
28963
28966
28972
28978
28982
28986
28990
28991
28991
28994
28996
28998
28999
29000
29006
29007
29010
29018
29026
29029
29031
29032
29036
29037
29039
29040
29041
29049
29052
29052
29055
29055
29056
29056
29056
29063
29063
29065
29073
29077
29078
29081
29082
29084
29085
29086
29088
29090
29094
29096
29096
29104
29109
29109
29110
29111
29120
29124
29129
29131
29133
29142
29145
29151
29151
29152
29157
29159
29160
29169
29173
29179
29182
29184
29184
29189
29195
29208
29215
29216
29225
29228
29229
29231
29233
29233
29238
29244
29257
29261
29262
29263
29266
29267
29281
29281
29291
29297
29298
29307
29311
29312
29315
29315
29315
29329
29330
29331
29341
29346
29356
29357
29360
29362
29364
29368
29369
29374
29381
29384
29392
29402
29413
29416
29422
29423
29424
29425
29428
29428
29430
29432
29437
29439
29442
29442
29444
29444
29450
29452
29454
29457
29460
29461
29465
29468
29470
29470
29477
29490
29492
29494
29507
29509
29511
29516
29518
29536
29542
29552
29560
29561
29561
29564
29567
29570
29574
29575
29577
29580
29580
29592
29593
29595
29600
29604
29608
29611
29612
29613
29621
29625
29627
29627
29627
29631
29632
29635
29636
29641
29641
29644
29649
29654
29655
29657
29657
29660
29661
29672
29673
29677
29677
29678
29678
29685
29687
29687
29688
29694
29697
29700
29700
29708
29711
29711
29715
29716
29726
29727
29728
29729
29735
29743
29744
29749
29749
29751
29756
29758
29759
29761
29763
29765
29766
29767
29768
29772
29773
29778
29778
29779
29782
29793
29794
29800
29801
29805
29807
29809
29809
29818
29825
29836
29839
29840
29841
29841
29844
29846
29851
29857
29858
29858
29860
29865
29866
29869
29873
29884
29889
29891
29897
29898
29899
29902
29905
29907
29918
29919
29919
29921
29923
29924
29925
29926
29927
29934
29936
29938
29942
29943
29945
29945
29947
29948
29951
29958
29958
29963
29979
29980
29992
29992
29994
29995
30001
30002
30010
30012
30023
30025
30028
30031
30040
30047
30052
30054
30055
30056
30063
30064
30069
30073
30073
30078
30080
30081
30083
30084
30092
30096
30098
30108
30108
30109
30112
30113
30116
30126
30140
30140
30145
30146
30148
30154
30155
30156
30168
30171
30176
30180
30183
30183
30184
30194
30196
30198
30201
30203
30207
30207
30208
30213
30214
30214
30215
30216
30216
30219
30221
30222
30226
30228
30239
30244
30248
30250
30251
30256
30263
30263
30264
30270
30270
30278
30279
30279
30279
30280
30286
30287
30290
30292
30293
30295
30301
30304
30305
30308
30317
30319
30320
30323
30325
30327
30330
30333
30335
30337
30344
30348
30353
30358
30367
30368
30369
30372
30372
30374
30375
30377
30380
30381
30382
30390
30391
30391
30394
30395
30395
30395
30398
30407
30408
30408
30411
30412
30415
30428
30429
30433
30438
30440
30442
30444
30445
30447
30453
30454
30454
30457
30464
30464
30469
30482
30485
30486
30490
30492
30497
30500
30500
30506
30508
30509
30512
30512
30513
30521
30525
30532
30535
30537
30545
30546
30549
30551
30552
30553
30560
30564
30566
30571
30572
30572
30574
30575
30575
30582
30585
30585
30588
30593
30594
30595
30597
30602
30603
30604
30612
30617
30621
30621
30625
30629
30629
30632
30636
30636
30637
30638
30641
30644
30648
30648
30649
30649
30651
30652
30655
30658
30658
30659
30662
30666
30666
30669
30670
30672
30674
30683
30693
30697
30697
30699
30699
30699
30700
30703
30708
30713
30715
30716
30724
30725
30728
30734
30740
30747
30749
30751
30752
30753
30754
30756
30757
30764
30771
30772
30772
30773
30774
30775
30784
30786
30793
30794
30795
30800
30802
30805
30806
30806
30808
30816
30816
30819
30821
30822
30829
30830
30832
30837
30843
30844
30844
30845
30847
30848
30852
30859
30861
30869
30871
30872
30872
30875
30878
30884
30886
30886
30887
30895
30903
30906
30907
30909
30909
30912
30915
30919
30919
30921
30922
30926
30926
30932
30932
30940
30941
30944
30944
30948
30959
30959
30967
30967
30979
30979
30981
30982
30984
30984
30985
30987
30989
30989
30993
30998
30999
31007
31014
31014
31016
31021
31023
31023
31026
31031
31031
31036
31045
31045
31048
31055
31057
31059
31060
31063
31073
31080
31082
31083
31086
31090
31097
31097
31098
31098
31099
31100
31104
31105
31106
31117
31118
31122
31124
31124
31127
31128
31139
31142
31143
31144
31147
31150
31150
31155
31159
31159
31165
31174
31181
31183
31184
31187
31193
31193
31194
31195
31195
31200
31200
31201
31202
31213
31213
31213
31214
31224
31225
31230
31230
31232
31234
31234
31241
31242
31243
31245
31247
31248
31248
31252
31253
31256
31256
31258
31262
31274
31278
31283
31288
31288
31289
31291
31292
31294
31296
31303
31306
31315
31317
31319
31326
31327
31333
31337
31342
31344
31345
31350
31358
31359
31359
31359
31363
31367
31369
31372
31379
31393
31396
31396
31399
31399
31400
31400
31403
31405
31414
31416
31424
31426
31428
31429
31433
31439
31447
31457
31464
31480
31480
31486
31486
31491
31499
31499
31500
31508
31512
31532
31534
31537
31537
31555
31556
31559
31560
31563
31564
31568
31573
31575
31577
31579
31587
31602
31605
31605
31611
31612
31626
31626
31639
31640
31644
31646
31646
31650
31653
31657
31659
31661
31663
31667
31670
31670
31679
31680
31681
31687
31695
31697
31707
31710
31714
31718
31731
31732
31732
31741
31746
31755
31755
31762
31766
31767
31773
31773
31773
31777
31780
31783
31784
31787
31787
31788
31789
31792
31794
31803
31807
31811
31812
31814
31815
31815
31818
31820
31821
31823
31824
31826
31826
31832
31834
31845
31847
31850
31851
31852
31857
31861
31867
31868
31869
31869
31874
31875
31876
31882
31887
31894
31897
31907
31908
31911
31916
31926
31927
31934
31939
31940
31948
31949
31949
31961
31964
31972
31974
31977
31978
31978
31978
31978
31981
31994
31998
32012
32014
32017
32025
32028
32043
32053
32056
32061
32063
32065
32070
32075
32075
32076
32080
32091
32095
32095
32097
32102
32112
32113
32114
32116
32117
32118
32121
32126
32137
32137
32138
32138
32140
32140
32142
32144
32145
32151
32151
32152
32152
32154
32155
32160
32161
32173
32182
32186
32195
32195
32195
32197
32207
32207
32207
32208
32213
32214
32216
32217
32218
32219
32220
32220
32222
32223
32226
32229
32230
32236
32236
32242
32242
32244
32244
32244
32246
32247
32254
32256
32259
32263
32266
32273
32274
32284
32284
32289
32289
32294
32295
32297
32301
32308
32308
32310
32319
32322
32324
32331
32335
32335
32337
32338
32347
32352
32353
32357
32364
32365
32367
32367
32371
32372
32374
32377
32386
32387
32390
32393
32399
32400
32405
32405
32410
32410
32411
32412
32415
32418
32419
32421
32426
32428
32429
32429
32429
32435
32445
32446
32451
32453
32455
32455
32459
32461
32465
32465
32465
32466
32476
32478
32479
32484
32487
32489
32492
32497
32501
32505
32505
32506
32511
32521
32521
32525
32527
32545
32549
32558
32559
32564
32565
32570
32573
32573
32587
32590
32593
32596
32602
32604
32609
32617
32618
32618
32619
32620
32625
32627
32629
32631
32634
32635
32637
32640
32645
32646
32654
32655
32669
32669
32671
32671
32672
32673
32675
32682
32682
32684
32684
32689
32689
32689
32691
32696
32697
32706
32709
32715
32716
32717
32717
32730
32736
32739
32741
32747
32747
32747
32749
32749
32754
32754
32759
32766